{
 "cells": [
  {
   "cell_type": "markdown",
   "metadata": {},
   "source": [
    "## Module 07 - Multiple Regression\n"
   ]
  },
  {
   "cell_type": "code",
   "execution_count": 1,
   "metadata": {},
   "outputs": [
    {
     "name": "stderr",
     "output_type": "stream",
     "text": [
      "/anaconda3/lib/python3.6/site-packages/statsmodels/compat/pandas.py:56: FutureWarning: The pandas.core.datetools module is deprecated and will be removed in a future version. Please use the pandas.tseries module instead.\n",
      "  from pandas.core import datetools\n"
     ]
    },
    {
     "data": {
      "text/html": [
       "<script>requirejs.config({paths: { 'plotly': ['https://cdn.plot.ly/plotly-latest.min']},});if(!window.Plotly) {{require(['plotly'],function(plotly) {window.Plotly=plotly;});}}</script>"
      ],
      "text/vnd.plotly.v1+html": [
       "<script>requirejs.config({paths: { 'plotly': ['https://cdn.plot.ly/plotly-latest.min']},});if(!window.Plotly) {{require(['plotly'],function(plotly) {window.Plotly=plotly;});}}</script>"
      ]
     },
     "metadata": {},
     "output_type": "display_data"
    }
   ],
   "source": [
    "import pandas as pd\n",
    "import numpy as np\n",
    "from scipy import stats\n",
    "%matplotlib inline\n",
    "import matplotlib.pyplot as plt\n",
    "from statsmodels.formula.api import ols\n",
    "import pandas as pd\n",
    "import statsmodels.api as sm\n",
    "from IPython.display import Image\n",
    "from sklearn import linear_model, datasets\n",
    "from sklearn.metrics import mean_squared_error\n",
    "from plotly.offline import download_plotlyjs, init_notebook_mode, plot, iplot\n",
    "init_notebook_mode(connected=True)\n",
    "import plotly.graph_objs as go\n",
    "import pylab \n",
    "import scipy.stats as stats"
   ]
  },
  {
   "cell_type": "markdown",
   "metadata": {},
   "source": [
    "<b>Example 1: Mariokart</b><br>\n",
    "Here we'll build a multiple regression model using the Mariokart data that we first saw last class."
   ]
  },
  {
   "cell_type": "code",
   "execution_count": 2,
   "metadata": {},
   "outputs": [
    {
     "data": {
      "text/html": [
       "<div>\n",
       "<style>\n",
       "    .dataframe thead tr:only-child th {\n",
       "        text-align: right;\n",
       "    }\n",
       "\n",
       "    .dataframe thead th {\n",
       "        text-align: left;\n",
       "    }\n",
       "\n",
       "    .dataframe tbody tr th {\n",
       "        vertical-align: top;\n",
       "    }\n",
       "</style>\n",
       "<table border=\"1\" class=\"dataframe\">\n",
       "  <thead>\n",
       "    <tr style=\"text-align: right;\">\n",
       "      <th></th>\n",
       "      <th>ID</th>\n",
       "      <th>duration</th>\n",
       "      <th>nBids</th>\n",
       "      <th>cond</th>\n",
       "      <th>startPr</th>\n",
       "      <th>shipPr</th>\n",
       "      <th>totalPr</th>\n",
       "      <th>shipSp</th>\n",
       "      <th>sellerRate</th>\n",
       "      <th>stockPhoto</th>\n",
       "      <th>wheels</th>\n",
       "      <th>title</th>\n",
       "    </tr>\n",
       "  </thead>\n",
       "  <tbody>\n",
       "    <tr>\n",
       "      <th>0</th>\n",
       "      <td>1.503770e+11</td>\n",
       "      <td>3</td>\n",
       "      <td>20</td>\n",
       "      <td>new</td>\n",
       "      <td>0.99</td>\n",
       "      <td>4.00</td>\n",
       "      <td>51.55</td>\n",
       "      <td>standard</td>\n",
       "      <td>1580</td>\n",
       "      <td>yes</td>\n",
       "      <td>1</td>\n",
       "      <td>~~ Wii MARIO KART &amp;amp; WHEEL ~ NINTENDO Wii ~...</td>\n",
       "    </tr>\n",
       "    <tr>\n",
       "      <th>1</th>\n",
       "      <td>2.604830e+11</td>\n",
       "      <td>7</td>\n",
       "      <td>13</td>\n",
       "      <td>used</td>\n",
       "      <td>0.99</td>\n",
       "      <td>3.99</td>\n",
       "      <td>37.04</td>\n",
       "      <td>firstClass</td>\n",
       "      <td>365</td>\n",
       "      <td>yes</td>\n",
       "      <td>1</td>\n",
       "      <td>Mariokart Wii Nintendo with wheel - Mario Kart...</td>\n",
       "    </tr>\n",
       "    <tr>\n",
       "      <th>2</th>\n",
       "      <td>3.204320e+11</td>\n",
       "      <td>3</td>\n",
       "      <td>16</td>\n",
       "      <td>new</td>\n",
       "      <td>0.99</td>\n",
       "      <td>3.50</td>\n",
       "      <td>45.50</td>\n",
       "      <td>firstClass</td>\n",
       "      <td>998</td>\n",
       "      <td>no</td>\n",
       "      <td>1</td>\n",
       "      <td>Mario Kart Wii (Wii)</td>\n",
       "    </tr>\n",
       "    <tr>\n",
       "      <th>3</th>\n",
       "      <td>2.804050e+11</td>\n",
       "      <td>3</td>\n",
       "      <td>18</td>\n",
       "      <td>new</td>\n",
       "      <td>0.99</td>\n",
       "      <td>0.00</td>\n",
       "      <td>44.00</td>\n",
       "      <td>standard</td>\n",
       "      <td>7</td>\n",
       "      <td>yes</td>\n",
       "      <td>1</td>\n",
       "      <td>Brand New Mario Kart Wii Comes with Wheel. Fre...</td>\n",
       "    </tr>\n",
       "    <tr>\n",
       "      <th>4</th>\n",
       "      <td>1.703920e+11</td>\n",
       "      <td>1</td>\n",
       "      <td>20</td>\n",
       "      <td>new</td>\n",
       "      <td>0.01</td>\n",
       "      <td>0.00</td>\n",
       "      <td>71.00</td>\n",
       "      <td>media</td>\n",
       "      <td>820</td>\n",
       "      <td>yes</td>\n",
       "      <td>2</td>\n",
       "      <td>BRAND NEW NINTENDO 1 WII MARIO KART WITH 2 WHE...</td>\n",
       "    </tr>\n",
       "  </tbody>\n",
       "</table>\n",
       "</div>"
      ],
      "text/plain": [
       "             ID  duration  nBids  cond  startPr  shipPr  totalPr      shipSp  \\\n",
       "0  1.503770e+11         3     20   new     0.99    4.00    51.55    standard   \n",
       "1  2.604830e+11         7     13  used     0.99    3.99    37.04  firstClass   \n",
       "2  3.204320e+11         3     16   new     0.99    3.50    45.50  firstClass   \n",
       "3  2.804050e+11         3     18   new     0.99    0.00    44.00    standard   \n",
       "4  1.703920e+11         1     20   new     0.01    0.00    71.00       media   \n",
       "\n",
       "   sellerRate stockPhoto  wheels  \\\n",
       "0        1580        yes       1   \n",
       "1         365        yes       1   \n",
       "2         998         no       1   \n",
       "3           7        yes       1   \n",
       "4         820        yes       2   \n",
       "\n",
       "                                               title  \n",
       "0  ~~ Wii MARIO KART &amp; WHEEL ~ NINTENDO Wii ~...  \n",
       "1  Mariokart Wii Nintendo with wheel - Mario Kart...  \n",
       "2                               Mario Kart Wii (Wii)  \n",
       "3  Brand New Mario Kart Wii Comes with Wheel. Fre...  \n",
       "4  BRAND NEW NINTENDO 1 WII MARIO KART WITH 2 WHE...  "
      ]
     },
     "execution_count": 2,
     "metadata": {},
     "output_type": "execute_result"
    }
   ],
   "source": [
    "mk_df = pd.read_csv(\"MarioKart.csv\")\n",
    "mk_df.head()"
   ]
  },
  {
   "cell_type": "markdown",
   "metadata": {},
   "source": [
    "Let's make a model to predict the sale price ('totalPr' column). Not all of these columns are appropriate to include in our model, so we'll limit the table to what we'll use."
   ]
  },
  {
   "cell_type": "code",
   "execution_count": 3,
   "metadata": {
    "collapsed": true
   },
   "outputs": [],
   "source": [
    "mk_df_reduced = mk_df[[\"duration\", \"nBids\", \"cond\", \"sellerRate\", \n",
    "                       \"stockPhoto\", \"wheels\", \"totalPr\"]]"
   ]
  },
  {
   "cell_type": "markdown",
   "metadata": {},
   "source": [
    "Now, let's make a regression model with all of these together"
   ]
  },
  {
   "cell_type": "code",
   "execution_count": 4,
   "metadata": {},
   "outputs": [
    {
     "name": "stdout",
     "output_type": "stream",
     "text": [
      "                            OLS Regression Results                            \n",
      "==============================================================================\n",
      "Dep. Variable:                totalPr   R-squared:                       0.749\n",
      "Model:                            OLS   Adj. R-squared:                  0.737\n",
      "Method:                 Least Squares   F-statistic:                     66.55\n",
      "Date:                Fri, 06 Apr 2018   Prob (F-statistic):           8.57e-38\n",
      "Time:                        12:15:19   Log-Likelihood:                -413.77\n",
      "No. Observations:                 141   AIC:                             841.5\n",
      "Df Residuals:                     134   BIC:                             862.2\n",
      "Df Model:                           6                                         \n",
      "Covariance Type:            nonrobust                                         \n",
      "=====================================================================================\n",
      "                        coef    std err          t      P>|t|      [0.025      0.975]\n",
      "-------------------------------------------------------------------------------------\n",
      "Intercept            40.8141      2.042     19.987      0.000      36.775      44.853\n",
      "cond[T.used]         -4.6211      1.018     -4.541      0.000      -6.634      -2.608\n",
      "stockPhoto[T.yes]     0.9677      1.012      0.957      0.340      -1.033       2.968\n",
      "duration              0.0353      0.184      0.192      0.848      -0.328       0.399\n",
      "nBids                -0.0663      0.071     -0.932      0.353      -0.207       0.074\n",
      "sellerRate         2.946e-05   8.08e-06      3.645      0.000    1.35e-05    4.54e-05\n",
      "wheels                7.7155      0.553     13.943      0.000       6.621       8.810\n",
      "==============================================================================\n",
      "Omnibus:                        5.424   Durbin-Watson:                   1.978\n",
      "Prob(Omnibus):                  0.066   Jarque-Bera (JB):                4.928\n",
      "Skew:                           0.427   Prob(JB):                       0.0851\n",
      "Kurtosis:                       3.330   Cond. No.                     3.06e+05\n",
      "==============================================================================\n",
      "\n",
      "Warnings:\n",
      "[1] Standard Errors assume that the covariance matrix of the errors is correctly specified.\n",
      "[2] The condition number is large, 3.06e+05. This might indicate that there are\n",
      "strong multicollinearity or other numerical problems.\n",
      "R-squared is 0.7487\n",
      "R-squared adjusted is 0.7375\n"
     ]
    }
   ],
   "source": [
    "# This is the statsmodel method\n",
    "model = ols(\"totalPr ~ duration + nBids + cond + sellerRate + stockPhoto + wheels\", \n",
    "            data=mk_df_reduced).fit()\n",
    "print(model.summary())\n",
    "print(\"R-squared is %.4f\" % model.rsquared)\n",
    "print(\"R-squared adjusted is %.4f\" % model.rsquared_adj)"
   ]
  },
  {
   "cell_type": "markdown",
   "metadata": {},
   "source": [
    "Another way that we could have generated this model, is to separate the feature and target data. Here we have to create our own encoders."
   ]
  },
  {
   "cell_type": "code",
   "execution_count": 5,
   "metadata": {},
   "outputs": [
    {
     "name": "stdout",
     "output_type": "stream",
     "text": [
      "[  3.53326210e-02  -6.63116197e-02  -4.62107674e+00   2.94579855e-05\n",
      "   9.67683842e-01   7.71546087e+00]\n",
      "Intercept is 40.8141\n",
      "R-squared is 0.7487\n",
      "Adjusted R-squared is 0.7375\n"
     ]
    }
   ],
   "source": [
    "feature_data = mk_df_reduced.drop(\"totalPr\", axis=1)\n",
    "target_data = mk_df_reduced[\"totalPr\"]\n",
    "\n",
    "feature_data[\"cond\"] = pd.get_dummies(feature_data[\"cond\"])[\"used\"]\n",
    "feature_data[\"stockPhoto\"] = pd.get_dummies(feature_data[\"stockPhoto\"])[\"yes\"]\n",
    "\n",
    "reg = linear_model.LinearRegression()  # this is the sklearn method\n",
    "reg.fit(feature_data, target_data)\n",
    "print(reg.coef_)\n",
    "print(\"Intercept is %.4f\" % reg.intercept_)\n",
    "\n",
    "# We can get the r-squared value using the score function\n",
    "r2 = reg.score(feature_data, target_data)\n",
    "# To get the adjusted r-squared, we use a slightly different formula:\n",
    "# r2-adj = 1 - [((1-r2) * (n-1)) / (n - p - 1)]\n",
    "r2_adj = 1 - (1-r2)*(len(target_data)-1) / (len(target_data) - feature_data.shape[1]-1)\n",
    "\n",
    "print(\"R-squared is %.4f\" % r2)\n",
    "print(\"Adjusted R-squared is %.4f\" % r2_adj)"
   ]
  },
  {
   "cell_type": "markdown",
   "metadata": {},
   "source": [
    "## Feature Correlation\n",
    "Correlation of input features can interfere with how well our model performs. We can examine this by looking at the feature correlation matrix."
   ]
  },
  {
   "cell_type": "code",
   "execution_count": 6,
   "metadata": {},
   "outputs": [
    {
     "data": {
      "text/html": [
       "<div>\n",
       "<style>\n",
       "    .dataframe thead tr:only-child th {\n",
       "        text-align: right;\n",
       "    }\n",
       "\n",
       "    .dataframe thead th {\n",
       "        text-align: left;\n",
       "    }\n",
       "\n",
       "    .dataframe tbody tr th {\n",
       "        vertical-align: top;\n",
       "    }\n",
       "</style>\n",
       "<table border=\"1\" class=\"dataframe\">\n",
       "  <thead>\n",
       "    <tr style=\"text-align: right;\">\n",
       "      <th></th>\n",
       "      <th>duration</th>\n",
       "      <th>nBids</th>\n",
       "      <th>cond</th>\n",
       "      <th>sellerRate</th>\n",
       "      <th>stockPhoto</th>\n",
       "      <th>wheels</th>\n",
       "    </tr>\n",
       "  </thead>\n",
       "  <tbody>\n",
       "    <tr>\n",
       "      <th>duration</th>\n",
       "      <td>1.000000</td>\n",
       "      <td>-0.133356</td>\n",
       "      <td>0.481270</td>\n",
       "      <td>-0.153767</td>\n",
       "      <td>-0.365292</td>\n",
       "      <td>-0.316171</td>\n",
       "    </tr>\n",
       "    <tr>\n",
       "      <th>nBids</th>\n",
       "      <td>-0.133356</td>\n",
       "      <td>1.000000</td>\n",
       "      <td>-0.101138</td>\n",
       "      <td>-0.100755</td>\n",
       "      <td>0.140992</td>\n",
       "      <td>-0.070488</td>\n",
       "    </tr>\n",
       "    <tr>\n",
       "      <th>cond</th>\n",
       "      <td>0.481270</td>\n",
       "      <td>-0.101138</td>\n",
       "      <td>1.000000</td>\n",
       "      <td>-0.149490</td>\n",
       "      <td>-0.364792</td>\n",
       "      <td>-0.430700</td>\n",
       "    </tr>\n",
       "    <tr>\n",
       "      <th>sellerRate</th>\n",
       "      <td>-0.153767</td>\n",
       "      <td>-0.100755</td>\n",
       "      <td>-0.149490</td>\n",
       "      <td>1.000000</td>\n",
       "      <td>0.149868</td>\n",
       "      <td>-0.148128</td>\n",
       "    </tr>\n",
       "    <tr>\n",
       "      <th>stockPhoto</th>\n",
       "      <td>-0.365292</td>\n",
       "      <td>0.140992</td>\n",
       "      <td>-0.364792</td>\n",
       "      <td>0.149868</td>\n",
       "      <td>1.000000</td>\n",
       "      <td>0.064968</td>\n",
       "    </tr>\n",
       "    <tr>\n",
       "      <th>wheels</th>\n",
       "      <td>-0.316171</td>\n",
       "      <td>-0.070488</td>\n",
       "      <td>-0.430700</td>\n",
       "      <td>-0.148128</td>\n",
       "      <td>0.064968</td>\n",
       "      <td>1.000000</td>\n",
       "    </tr>\n",
       "  </tbody>\n",
       "</table>\n",
       "</div>"
      ],
      "text/plain": [
       "            duration     nBids      cond  sellerRate  stockPhoto    wheels\n",
       "duration    1.000000 -0.133356  0.481270   -0.153767   -0.365292 -0.316171\n",
       "nBids      -0.133356  1.000000 -0.101138   -0.100755    0.140992 -0.070488\n",
       "cond        0.481270 -0.101138  1.000000   -0.149490   -0.364792 -0.430700\n",
       "sellerRate -0.153767 -0.100755 -0.149490    1.000000    0.149868 -0.148128\n",
       "stockPhoto -0.365292  0.140992 -0.364792    0.149868    1.000000  0.064968\n",
       "wheels     -0.316171 -0.070488 -0.430700   -0.148128    0.064968  1.000000"
      ]
     },
     "execution_count": 6,
     "metadata": {},
     "output_type": "execute_result"
    }
   ],
   "source": [
    "corr_matrix = feature_data.corr()\n",
    "corr_matrix"
   ]
  },
  {
   "cell_type": "code",
   "execution_count": 12,
   "metadata": {},
   "outputs": [
    {
     "data": {
      "application/vnd.plotly.v1+json": {
       "data": [
        {
         "type": "heatmap",
         "x": [
          "duration",
          "nBids",
          "cond",
          "sellerRate",
          "stockPhoto",
          "wheels"
         ],
         "y": [
          "duration",
          "nBids",
          "cond",
          "sellerRate",
          "stockPhoto",
          "wheels"
         ],
         "z": [
          [
           1,
           -0.13335606144390932,
           0.48126968079547505,
           -0.1537668192160063,
           -0.3652916890236751,
           -0.31617084275016405
          ],
          [
           -0.13335606144390932,
           1,
           -0.10113830277279559,
           -0.10075474569594599,
           0.1409917126839458,
           -0.07048803375814759
          ],
          [
           0.48126968079547505,
           -0.10113830277279559,
           1,
           -0.14949043567273185,
           -0.36479238711702494,
           -0.43069963435088093
          ],
          [
           -0.1537668192160063,
           -0.10075474569594599,
           -0.14949043567273185,
           1,
           0.14986761543599933,
           -0.14812755498060495
          ],
          [
           -0.3652916890236751,
           0.1409917126839458,
           -0.36479238711702494,
           0.14986761543599933,
           1,
           0.06496811582835058
          ],
          [
           -0.31617084275016405,
           -0.07048803375814759,
           -0.43069963435088093,
           -0.14812755498060495,
           0.06496811582835058,
           1
          ]
         ]
        }
       ],
       "layout": {}
      },
      "text/html": [
       "<div id=\"bb8934fe-1ef1-4e23-8738-f06cf2cd8f76\" style=\"height: 525px; width: 100%;\" class=\"plotly-graph-div\"></div><script type=\"text/javascript\">require([\"plotly\"], function(Plotly) { window.PLOTLYENV=window.PLOTLYENV || {};window.PLOTLYENV.BASE_URL=\"https://plot.ly\";Plotly.newPlot(\"bb8934fe-1ef1-4e23-8738-f06cf2cd8f76\", [{\"type\": \"heatmap\", \"z\": [[1.0, -0.13335606144390932, 0.48126968079547505, -0.1537668192160063, -0.3652916890236751, -0.31617084275016405], [-0.13335606144390932, 1.0, -0.10113830277279559, -0.10075474569594599, 0.1409917126839458, -0.07048803375814759], [0.48126968079547505, -0.10113830277279559, 1.0, -0.14949043567273185, -0.36479238711702494, -0.43069963435088093], [-0.1537668192160063, -0.10075474569594599, -0.14949043567273185, 1.0, 0.14986761543599933, -0.14812755498060495], [-0.3652916890236751, 0.1409917126839458, -0.36479238711702494, 0.14986761543599933, 1.0, 0.06496811582835058], [-0.31617084275016405, -0.07048803375814759, -0.43069963435088093, -0.14812755498060495, 0.06496811582835058, 1.0]], \"x\": [\"duration\", \"nBids\", \"cond\", \"sellerRate\", \"stockPhoto\", \"wheels\"], \"y\": [\"duration\", \"nBids\", \"cond\", \"sellerRate\", \"stockPhoto\", \"wheels\"]}], {}, {\"showLink\": true, \"linkText\": \"Export to plot.ly\"})});</script>"
      ],
      "text/vnd.plotly.v1+html": [
       "<div id=\"bb8934fe-1ef1-4e23-8738-f06cf2cd8f76\" style=\"height: 525px; width: 100%;\" class=\"plotly-graph-div\"></div><script type=\"text/javascript\">require([\"plotly\"], function(Plotly) { window.PLOTLYENV=window.PLOTLYENV || {};window.PLOTLYENV.BASE_URL=\"https://plot.ly\";Plotly.newPlot(\"bb8934fe-1ef1-4e23-8738-f06cf2cd8f76\", [{\"type\": \"heatmap\", \"z\": [[1.0, -0.13335606144390932, 0.48126968079547505, -0.1537668192160063, -0.3652916890236751, -0.31617084275016405], [-0.13335606144390932, 1.0, -0.10113830277279559, -0.10075474569594599, 0.1409917126839458, -0.07048803375814759], [0.48126968079547505, -0.10113830277279559, 1.0, -0.14949043567273185, -0.36479238711702494, -0.43069963435088093], [-0.1537668192160063, -0.10075474569594599, -0.14949043567273185, 1.0, 0.14986761543599933, -0.14812755498060495], [-0.3652916890236751, 0.1409917126839458, -0.36479238711702494, 0.14986761543599933, 1.0, 0.06496811582835058], [-0.31617084275016405, -0.07048803375814759, -0.43069963435088093, -0.14812755498060495, 0.06496811582835058, 1.0]], \"x\": [\"duration\", \"nBids\", \"cond\", \"sellerRate\", \"stockPhoto\", \"wheels\"], \"y\": [\"duration\", \"nBids\", \"cond\", \"sellerRate\", \"stockPhoto\", \"wheels\"]}], {}, {\"showLink\": true, \"linkText\": \"Export to plot.ly\"})});</script>"
      ]
     },
     "metadata": {},
     "output_type": "display_data"
    }
   ],
   "source": [
    "trace = go.Heatmap(z=np.array(corr_matrix), x=corr_matrix.columns, y=corr_matrix.columns)\n",
    "data=[trace]\n",
    "iplot(data)"
   ]
  },
  {
   "cell_type": "markdown",
   "metadata": {},
   "source": [
    "## Evaluating Our Model"
   ]
  },
  {
   "cell_type": "code",
   "execution_count": 8,
   "metadata": {
    "scrolled": true
   },
   "outputs": [
    {
     "data": {
      "image/png": "iVBORw0KGgoAAAANSUhEUgAAAYoAAAEKCAYAAAAMzhLIAAAABHNCSVQICAgIfAhkiAAAAAlwSFlz\nAAALEgAACxIB0t1+/AAAADl0RVh0U29mdHdhcmUAbWF0cGxvdGxpYiB2ZXJzaW9uIDIuMS4wLCBo\ndHRwOi8vbWF0cGxvdGxpYi5vcmcvpW3flQAAG+BJREFUeJzt3X20XHV97/H3J+EhHqECJ1S5wjmH\ni1xa8Epsjwj29hYUK1WLi/ZSxERQvPcIKRq77FK70usTZvnU6lVR6WHxIGTE0sWlUqQgUAGvDy0J\nBggilkISIlSIVBpJhZB87x97D5kcZvbsmTN79p6Zz2utWTP7N3NmvmcWnG9+T9+fIgIzM7NWFpQd\ngJmZVZsThZmZZXKiMDOzTE4UZmaWyYnCzMwyOVGYmVkmJwozM8vkRGFmZpmcKMzMLNMeZQfQC4sX\nL46pqamywzAzGyhr167dEhEHtnvdUCSKqakp1qxZU3YYZmYDRdLGPK/z0JOZmWVyojAzs0xOFGZm\nlsmJwszMMjlRmJlZplIThaSLJT0qaX1D24cl/UTSuvT2+jJjNDMbVLUaTE3BggXJfa3W3fuU3aO4\nFDipSftnI2JJeruuzzGZmQ28Wg1mZmDjRohI7mdmuksWpSaKiLgNeLzMGMzMhtHKlbBt2+5t27Yl\n7Z0qu0fRyrmS7kqHpvYvOxgzs0GzaVNn7VmqmCi+DBwGLAEeAf6y2YskzUhaI2nNY4891s/4zMwq\nb2Kis/YslUsUEfHTiNgRETuBC4FjWrxuNiKmI2L6wAPblioxMxspq1bB2NjubWNjSXunKpcoJB3U\ncHkKsL7Va83MrLmlS2F2FiYnQUruZ2eT9k6VWhRQ0hXA8cBiSZuBDwHHS1oCBLABeGdpAZqZDbCl\nS7tLDHOVmigi4vQmzRf1PRAzM2upckNPZmZWLU4UZmaWyYnCzMwyOVGYmVkmJwozM8vkRGFmZpmc\nKMzMLJMThZmZZXKiMDOzTE4UZmaWyYnCzMwyOVGYmVkmJwozM8vkRGFmZpmcKMzMLJMThZmZZXKi\nMDOroFoNpqZgwYLkvlYrL5ZST7gzM7PnqtVgZga2bUuuN25MrqE3R5t2yj0KM7OKWblyV5Ko27Yt\naS+DE4WZWcVs2tRZe9GcKMzMKmZiorP2ojlRmJlVzKpVMDa2e9vYWNJeBicKM7OKWboUZmdhchKk\n5H52tpyJbHCiMDPrm06WvC5dChs2wM6dyX1ZSQK8PNbMrC+qtuS1E+5RmJn1QdWWvHbCicLMrA+q\ntuS1E04UZmZ9ULUlr50oNVFIuljSo5LWN7QdIOlGSf+c3u9fZoxmZr1QtSWvnSi7R3EpcNKctg8A\nN0fE4cDN6bWZWeVlrWqq2pLXTigiyg1AmgKujYiXptf3AcdHxCOSDgJuiYgjst5jeno61qxZU3is\nZmatzF3VBEmPocrJQNLaiJhu97qyexTNvDAiHgFI73+15HjMzJ7VqtcwyKua2hnYfRSSZoAZgIlB\nmA0ys4GXtRdikFc1tVPFHsVP0yEn0vtHm70oImYjYjoipg888MC+Bmhmoymr1zDIq5raqWKiuAY4\nM318JvD1EmMxM3tWVq9hkFc1tVP28tgrgO8BR0jaLOkdwCeA10r6Z+C16bWZWemyeg2DvKqpndJX\nPfWCVz2ZWT8M4sqmLIO86snMrJKGudeQxYnCzKyFZkthq1T+u18GdnmsmVmRBrkseK+5R2Fm1sQw\nb6DrlBOFmVkTw7yBrlNOFGZmTQzzBrpOOVGYmTUxzBvoOuVEYWbWxKguhW3Gq57MzFpYunQ0E8Nc\n7lGYmZF96NCoc6Iws5EwNxEsX77revFiOOusZK9ExK49E04WCdd6MrOh16xGUx6Tk8nu62HlWk9m\nZqlmm+fyGMU9E820TRSSDpO0d/r4eEnvlrRf8aGZmXWvcahp48bu3mMU90w0k6dHcRWwQ9JLgIuA\nQ4GvFhqVmdk81Iea6nMO3RjVPRPN5EkUOyPiGeAU4P9ExJ8ABxUblplZ97oZatpzTxgf956JZvIk\niu2STic5lvTatG3P4kIyM+tOfbgpa6ipngjOOWf3zXSXXAJbtoxW+fC88my4eztwNrAqIh6UdCiw\nutiwzMw6k2dl07CvYipK2x5FRPwQeD9wR3r9YET4HGszK03jRPXixclt2bLsJOE5h+7lWfX0+8A6\n4Pr0eomka4oOzMysUT05SPDWt+6aqP7Zz5JbFs85zE+eoacPA8cAtwBExLp0+MnMrC/mDit1spLJ\nw03zl2cy+5mIeGJO2+Bv5zazgdHthjkPN/VGnkSxXtJbgIWSDpf0BeC7BcdlZvasbnZIe7ipd/Ik\nincBRwFPAVcA/w68p8igzGy0zZ2slvL/7NgYrF7tJa691HaOIiK2ASvTm5lZT9VqydDSpk1wwAHw\ny1/Ck0/uer7VRLWUzFWMjyfXjz+elNxYtcoJotdaJgpJf0fGXEREnFxIRGY2MuZOUrdbvVS3cCF8\n5StOCP2S1aP4i75FYWYjp1aDM8+EHTs6/9mdO50k+qllooiIW/sZiJmNjnpPopskAa7q2m9ZQ09X\nRsQfSbqbJkNQEfGyIgOTtAHYCuwgWaLb9nANMxsM3S53BS95LUPW0NOK9P6N/QikhRMiYkuJn29m\nPVardXY+xPOfD4sWebK6TC2Xx0bEI+nD5RGxsfEGLO9PeGY2TOpDTq1Iu5f6Xr0afvELV3UtW559\nFK9t0vZ7vQ6kiQC+KWmtpIz/tMxsUGQNOY2NweWXOylUUdYcxTkkPYf/LOmuhqf2Bb5TdGDAb0XE\nw5J+FbhR0o8i4raG+GaAGYAJz2yZDYSsHdbeRV1dWXMUXwX+Hvg48IGG9q0R8XihUQER8XB6/6ik\nq0kKE97W8PwsMAswPT3t2lNmFVerJTutm610mpx0kqiyrDmKJyJiQ0ScDmwGtpMMB+0jqdB/wkt6\nvqR964+B3wXWF/mZZta9xhLgCxYk91KyMa7etmxZ8yThVUzV17aEh6RzSUqN/xTYmTYHUOTy2BcC\nVysp8LIH8NWIuL7AzzOzLtRqsGLF7juqG0uA79z53LZGCxd6yGkQ5DmP4j3AERGRc3P9/EXEA8DR\n/fo8M+tcnqNH2/EO68GQZ9XTQ8Dc8yjMbETVavmOHs3D61AGQ54exQPALZK+QVJqHICI+ExhUZlZ\nJdVq8Pa3w/bt838vz00MjjyJYlN62yu9mdkImk8Rv7nGx+Fzn/Ow06DIcx7FR/oRiJlVV7dF/BYs\nSOYhFi5MfnZy0iU4BlGeVU8HAu8jOeVuUb09Il5dYFxmViErVrSfj/AZEcMrz2R2DfgRcCjwEWAD\ncHuBMZlZBdQnraX2BwrttZeTxDDLkyjGI+IiYHtE3BoRZwHHFhyXmZWgMTksW5bvxLnxcbj4YieJ\nYZZnMru+vuERSW8AHgYOLi4kM+u3Zhvn8li92gliFORJFB+T9ALgvcAXgF8B/qTQqMysELVaUsF1\n48ak19Bqx3Qe4+NOEqMiz6qna9OHTwAnFBuOmRVl7k7q+SSJsbFkeauNhjyrni6h+VGoZxUSkZn1\nTGMPole8B2L05Bl6urbh8SLgFJJ5CjOrsF7UYmrkBDG68gw9XdV4LekK4KbCIjKznsiz96EdJweD\nfD2KuQ4HXMrLrMJqtc5XMNVJcPbZ8KUv9TYmG1x55ii2ksxRKL3/V+D9BcdlZvOwcmVnr6+X2nCJ\nDWsmz9DTvv0IxMx6J8/k9V57eaOc5ZO5M1vS8yT9T0mfSW9vkeQKsmYV1HgcaTveTW2daJkoJP1X\n4F7gt0nqO20EXgd8R9J+kj7WlwjNrK36CqesnoSU7KSOgC1bnCQsv6yhp88D/ysibmxslHQisB64\np8jAzCyfWg3OOGPX+dStRDg5WHeyhp4OmpskACLiJpL6T6cUFpWZtdV4JGm7JAHJRLVZN7J6FAsk\n7R0RTzU2SlpEUkm2R9t4zKwTtRq8853w5JP5f0bysaPWvawexWXAVZKm6g3p4yuBy4sMysyaq59Z\n3WmSOPtsDztZ91omioj4GHA9cJukLZK2ALcCN0bEef0K0Mx2WbECtm9v/7q6yUm4/HJvnrP5ydxH\nERHnA+dL2je93tqXqMzsOZYvz7/b2nskrJfynHBHRGx1kjDrv8YT57785Xw/4z0S1mvd1Hoys4J1\nM2F9zjkeYrJiOFGYVczy5fl7D5DUabrsMvcgrDhth54kjUn635IuTK8Pl/TG4kMzGz21GlxwQf7X\nS04SVrw8cxSXAE8Bx6XXmwGX7zArwMqV+Y8o9bJX65c8ieKwiPgUyW5sIuI/SEqOF0rSSZLuk3S/\npA8U/XlmZapPWuc9snR83MterX/yzFE8Lel5pOdmSzqMpIdRGEkLgS8CryXpwdwu6ZqI+GGRn2tW\nhk7mJPbZJxmaci/C+ilPj+JDJBvvDpFUA24G3ldoVHAMcH9EPBARTwNfA95U8GeaFaZxmevcW54k\nsc8+SeXXrVudJKz/8hxcdKOkO4BjSYacVkTEloLjejHwUMP1ZuCVjS+QNAPMAExM+GRWq6562Y1O\ndlQ3Wr3aycHK1TJRSPqNOU2PpPcTkiYi4o7iwmo6B7LbFF9EzAKzANPT0zmn/8z6b+XK7pPE5KST\nhJUvq0fxlxnPBfDqHsfSaDNwSMP1wcDDBX6eWWHyTlDPtddervhq1dAyUUTECf0MZI7bgcMlHQr8\nBHgz8JYS4zHryvLl3f2cJ62tStrOUaTnTywH/htJT+LbwAUR8cuigoqIZySdC9wALAQujgifqGeV\nVqsl1V3zFu5rxaU4rGryLI+9DNgKfCG9Pp3kPIpTiwoKICKuA64r8jPMeqXTshvNjI/D5z7nXoRV\nT55EcUREHN1w/S1JdxYVkNmg6SZJTE7Chg2FhGPWc3n2UfxA0rH1C0mvBL5TXEhmg6PT2kzgY0lt\n8ORJFK8Evitpg6QNwPeA35F0t6S7Co3OrKJqNZiagmXL8tdmqnN9Jhs0eYaeTio8CrMBsnx50ovo\nNEHUi/h5otoGTZ6d2Rsl7U+yr2GPhvYiN9yZVU43hwktWAA7dyZzEqtWuSdhgynP8tjzgLcB/8Ku\n3dFFb7gzK9V8l7p6iasNkzxDT39EUmr86aKDMStTr/ZBjI87SdhwyTOZvR7Yr+hAzIqSVbm18bZs\n2fyTxNhYshfCbJjk6VF8nGSJ7HoazqGIiJMLi8qsB3rVQ8jL8xA2rPIkiq8AnwTuBnYWG45Zd/qd\nFBp5PsKGXZ5EsSUiPl94JGZt1GpJye6NG5Ohok6Xp/aaC/fZqMiTKNZK+jhwDbsPPXl5rBUqq5dQ\nZpJwTSYbNXkSxcvT+2Mb2rw81gpT5jDSXE4KZvk23JV5LoWNmG53PfeKE4PZc+XpUSDpDcBRwKJ6\nW0R8tKigbPT0oxfhSWez7rTdRyHpAuA04F0kZ1mfCkwWHJeNiPoeh17sYWhlfBxWr3aSMOtWng13\nr4qIM4B/i4iPAMex+3nWZl2p1WBmpjcJYkH6X/LkZJIUInbdtmzxUJLZfORJFP+R3m+T9J+A7cCh\nxYVkw66xRPe2bfl/LisZ7NiR3G/Y4KRg1mt55iiulbQf8GngDpIVTxcWGpUNnW7nIFya26x8eVY9\nnZc+vErStcCiiHii2LBsWMxnktorkMyqoeXQk6RXSHpRw/UZwJXAeZIO6EdwNti6nYOoTz57bsGs\nGrLmKP4KeBpA0n8HPgFcBjwBzBYfmg26lSs7m4OAJEk4QZhVS9bQ08KIeDx9fBowGxFXkQxBrSs+\nNBtktVpSk6kTLtFtVk1ZPYqFkuqJ5DXAPzQ8l2ujno2exn0ReTSuZJqddU/CrIqy/uBfAdwqaQvJ\nEtlvA0h6Ccnwk1nXFV09UW02OFomiohYJelm4CDgmxHP/glYQLJL20ZYs9VMeZLE6tVODmaDJnMI\nKSK+36Ttx8WFY1U3n+Wuk5NOEmaDyHMNllt9uWunK5kgmahetar3MZlZ8fKU8OgrSR+W9BNJ69Lb\n68uOadR1W3KjbnzcE9Vmg6yqPYrPRsRflB2Eza8X4Qlrs+FQuR6FVUsnm+bmFu3zxjmz4VDVRHGu\npLskXSxp/2YvkDQjaY2kNY899li/4xtq9aEmKd+muXrJDVdwNRtOihLOnJR0E/CiJk+tBL4PbCGp\nUnsecFBEnJX1ftPT07FmzZqexzlKutkPMTmZTFA7KZgNJklrI2K63etKmaOIiBPzvE7ShcC1BYcz\n8ubOQ7RLEmNjnpw2GyWVG3qSdFDD5SnA+rJiGXbdrmZykjAbLVVc9fQpSUtIhp42AO8sN5zh0m3J\njTpvmjMbPZVLFBHx1rJjGFadDjHN5U1zZqOpckNPVpxOlrpKyf3Chcm9q7uajS4nihFQn4vIez7E\n5CRcfnnS43jmGS95NRt1lRt6st7qZGe1VzOZWTPuUQypvCua6kNMHloys1bcoxhCeXsR3jBnZnk4\nUQyhPJPWk5PJvIOZWTseehoS9aGmBQvaT1p7mauZdcI9iiHQyYS1h5vMrFPuUVRQY+9gaiq5zmrL\nU4JjbCyp8OplrmbWqVKqx/baMFWPbdY72HPPZHXS009ntzUjwcSEexFm9lyVrh5ru9RrL23alPxB\n/8Uvnts72L79uT/XrG0uT1ibWS84UZRobu8h787pPDxhbWa94jmKEnVSe6kT3jxnZr3kHkWJNm3K\n97q8cxQuwWFmRXCPokQTE83bx8eTXoGU3F9yCVx8cfs2JwkzK4JXPfXB3Anr+gqkZiuc3Csws37x\nqqeKaDZhPTOTPK4ng2ZJxMysKtyjKFircyC8dNXMypa3R+E5ih5otmu6rtWEdd6JbDOzsjlRzFN9\naGnjxuQkuPrQUj1ZtJqwbtVuZlY1ThTz1GwvxLZtSTskcw5jY7s/781wZjZInCjmqd3Q0tKlySom\nL2M1s0HlVU/zNDHRfLK6cWhp6VInBjMbXO5RzJOHlsxs2DlRzJOHlsxs2DlRZMha9tpo6dJkT8TO\nnT4YyMyGj+coWsizo9rMbBS4R9FCu2WvZmajopREIelUSfdI2ilpes5zfybpfkn3SXpdGfGBd1Sb\nmdWV1aNYD/wBcFtjo6QjgTcDRwEnAV+StLD/4XlHtZlZXSmJIiLujYj7mjz1JuBrEfFURDwI3A8c\n09/oEl72amaWqNocxYuBhxquN6dtfedlr2ZmicJWPUm6CXhRk6dWRsTXW/1Yk7amddAlzQAzABMF\njQd5R7WZWYGJIiJO7OLHNgOHNFwfDDzc4v1ngVlIzqPo4rPMzCyHqg09XQO8WdLekg4FDgf+qeSY\nzMxGWlnLY0+RtBk4DviGpBsAIuIe4Ergh8D1wB9HxI4yYjQzs0QpO7Mj4mrg6hbPrQK8tsjMrCKq\nNvRkZmYV40RhZmaZnCjMzCzT0CaKvCXCzcws21CWGXeJcDOz3hnKHoVLhJuZ9c5QJgqXCDcz652h\nTBQuEW5m1jtDmShcItzMrHeGMlG4RLiZWe8M5aoncIlwM7NeGcoehZmZ9Y4ThZmZZXKiMDOzTE4U\nZmaWyYnCzMwyKWLwj5uW9Biwsew4GiwGtpQdRAX4e0j4e/B3UFe172EyIg5s96KhSBRVI2lNREyX\nHUfZ/D0k/D34O6gb1O/BQ09mZpbJicLMzDI5URRjtuwAKsLfQ8Lfg7+DuoH8HjxHYWZmmdyjMDOz\nTE4UBZH0aUk/knSXpKsl7Vd2TGWQdKqkeyTtlDRwqz3mQ9JJku6TdL+kD5QdTxkkXSzpUUnry46l\nLJIOkfQtSfem/y+sKDumTjlRFOdG4KUR8TLgx8CflRxPWdYDfwDcVnYg/SRpIfBF4PeAI4HTJR1Z\nblSluBQ4qewgSvYM8N6I+HXgWOCPB+2/BSeKgkTENyPimfTy+8DBZcZTloi4NyLuKzuOEhwD3B8R\nD0TE08DXgDeVHFPfRcRtwONlx1GmiHgkIu5IH28F7gVeXG5UnXGi6I+zgL8vOwjrqxcDDzVcb2bA\n/jhY70maAl4O/GO5kXRmaA8u6gdJNwEvavLUyoj4evqalSRdz1o/Y+unPN/DCFKTNi8xHGGS9gGu\nAt4TEf9edjydcKKYh4g4Met5SWcCbwReE0O8Drnd9zCiNgOHNFwfDDxcUixWMkl7kiSJWkT837Lj\n6ZSHngoi6STg/cDJEbGt7His724HDpd0qKS9gDcD15Qck5VAkoCLgHsj4jNlx9MNJ4rinA/sC9wo\naZ2kC8oOqAySTpG0GTgO+IakG8qOqR/ShQznAjeQTF5eGRH3lBtV/0m6AvgecISkzZLeUXZMJfgt\n4K3Aq9O/Beskvb7soDrhndlmZpbJPQozM8vkRGFmZpmcKMzMLJMThZmZZXKiMDOzTE4UVhmSxhuW\nD/6rpJ+kj38u6Yd9jmVJ4xJGSSd3WwFW0gZJi5u0v0DSZZL+Jb3VJO0/n7hbfH7L30XShyX9aa8/\n04aLE4VVRkT8LCKWRMQS4ALgs+njJcDOXn+epKzKBEuAZ/+4RsQ1EfGJHodwEfBARBwWEYcB95NU\nW+21fvwuNsScKGxQLJR0YVrP/5uSngcg6TBJ10taK+nbkn4tbZ+UdHN6HsjNkibS9kslfUbSt4BP\nSnp+embC7ZJ+IOlN6U7qjwKnpT2a0yS9TdL56Xu8MD1j5M709qq0/W/TOO6RNJP1y0h6CfCbwHkN\nzR8FjpZ0hKTjJV3b8PrzJb0tffzBNN71kmbTnb9IukXSJyX9k6QfS/rtdr/LnJhafZenpp91p6SR\nKhdvCScKGxSHA1+MiKOAnwN/mLbPAu+KiN8E/hT4Utp+PnBZeh5IDfh8w3v9F+DEiHgvsBL4h4h4\nBXAC8GlgT+CDwF+nPZy/nhPL54FbI+Jo4DeA+o7rs9I4poF3SxrP+H2OBNZFxI56Q/r4B8Cvt/ku\nzo+IV0TES4HnkdQTq9sjIo4B3gN8KC1xnvW7NGr1XX4QeF36+57cJjYbQi4KaIPiwYhYlz5eC0yl\n1ThfBfxN+o9qgL3T++NIDkwCuBz4VMN7/U3DH+jfBU5uGKdfBEy0ieXVwBnw7B/3J9L2d0s6JX18\nCEly+1mL9xDNq8k2qzo71wmS3geMAQeQJKq/S5+rF5xbC0zleK/kQ7O/y+8Al0q6suH9bYQ4Udig\neKrh8Q6Sf0kvAH6ezmO00/hH+cmGxwL+cO7hSpJe2Ulwko4HTgSOi4htkm4hSTqt3AO8XNKCiNiZ\nvscC4GXAHSTJqrHHvyh9zSKSf+lPR8RDkj4853Pq39MOOvv/u+V3GRFnp9/HG4B1kpZERKsEaEPI\nQ082sNKa/g9KOhWSKp2Sjk6f/i5JxVaApcD/a/E2NwDvahjnf3navpWkqGMzNwPnpK9fKOlXgBcA\n/5YmiV8jOfIyK/b7SYaZ/ryh+c+BmyNiE7AROFLS3pJeALwmfU09KWxJewH/I+tzcvwu9XhafpeS\nDouIf4yIDwJb2L18uo0AJwobdEuBd0i6k+Rf6fXjRt8NvF3SXSSVO1sdaH8eyZzEXZLWs2ty+Vsk\nf6jXSTptzs+sIBn+uZtkiOco4Hpgj/TzziM5/rads0hKkd8v6TGS5HI2QEQ8BFwJ3EUyx/KDtP3n\nwIXA3cDfkpQzbyfrd2nU6rv8tKS70+/nNuDOHJ9pQ8TVY80qQNIRwHUkk8nXlR2PWSMnCjMzy+Sh\nJzMzy+REYWZmmZwozMwskxOFmZllcqIwM7NMThRmZpbJicLMzDL9f/j3r1/uKfsiAAAAAElFTkSu\nQmCC\n",
      "text/plain": [
       "<matplotlib.figure.Figure at 0x1183fcac8>"
      ]
     },
     "metadata": {},
     "output_type": "display_data"
    }
   ],
   "source": [
    "# Generate a normality (Quartiles) plot\n",
    "res = model.resid\n",
    "sm.graphics.qqplot(res)\n",
    "plt.show()"
   ]
  },
  {
   "cell_type": "code",
   "execution_count": 9,
   "metadata": {},
   "outputs": [
    {
     "data": {
